Asia 221,466,224 +2 1,553,249 N/A 205,657,531 +831 14,255,444 N/A N/A N/A 
North_America 131,612,000 +1,318 1,692,250 +1 127,134,632 +10,685 2,785,118 N/A N/A N/A 
Europe 253,231,423 +318 2,100,604 +19 248,563,623 +212 2,567,196 N/A N/A N/A 
South_America 69,859,756 N/A 1,365,807 N/A 66,650,237 N/A 1,843,712 N/A N/A N/A 
Oceania 14,843,844 +688 32,767 N/A 14,697,196 N/A 113,881 N/A N/A N/A 
Africa 12,860,287 N/A 258,884 N/A 12,090,790 N/A 510,613 N/A N/A N/A 
World 703,874,255 +2,326 7,003,576 +20 674,794,715 +11,728 22,075,964 898.5 N/A N/A 
China 503,302 N/A 5,272 N/A 379,053 N/A 118,977 4 160,000,000 110,461 
USA 111,558,488 +1,318 1,216,367 +1 109,308,801 +10,020 1,033,320 3,633 1,186,765,074 3,544,643 
India 45,030,034 N/A 533,491 N/A N/A N/A N/A 379 935,879,495 665,334 
France 40,138,560 N/A 167,642 N/A 39,970,918 N/A 0 2,556 271,490,188 4,139,547 
Germany 38,822,474 +289 182,649 +19 38,240,600 N/A 399,225 2,177 122,332,384 1,458,359 
Brazil 38,452,504 N/A 709,963 N/A 36,249,161 N/A 1,493,380 3,297 63,776,166 296,146 
S._Korea 34,571,873 N/A 35,934 N/A 34,535,939 N/A 0 700 15,804,065 307,892 
Japan 33,803,572 N/A 74,694 N/A N/A N/A N/A 595 100,414,883 799,578 
Italy 26,718,411 N/A 196,309 N/A 26,350,895 N/A 171,207 3,258 280,384,928 4,652,706 
UK 24,902,971 N/A 232,112 N/A 24,666,932 N/A 3,927 3,389 522,526,476 7,628,357 
Russia 23,983,769 N/A 402,329 N/A 23,397,709 N/A 183,731 2,759 273,400,000 1,875,095 
Turkey 17,232,066 N/A 102,174 N/A N/A N/A N/A 1,194 162,743,369 1,902,052 
Spain 13,914,811 N/A 121,760 N/A 13,762,417 N/A 30,634 2,606 471,036,328 10,082,298 
Australia 11,823,709 +688 24,289 N/A 11,789,903 N/A 9,517 932 81,916,639 3,142,326 
Vietnam 11,625,195 N/A 43,206 N/A 10,640,971 N/A 941,018 437 85,826,548 867,342 
Taiwan 10,241,523 N/A 19,005 N/A 10,222,518 N/A 0 796 30,742,304 1,286,903 
Argentina 10,094,643 N/A 130,733 N/A 9,963,910 N/A 0 2,841 35,716,069 776,264 
Netherlands 8,634,822 N/A 22,992 N/A 8,610,982 N/A 848 1,336 25,984,435 1,509,718 
Mexico 7,702,809 N/A 334,958 N/A 6,899,865 N/A 467,986 2,546 20,013,810 152,124 
Iran 7,626,527 N/A 146,799 N/A N/A N/A N/A 1,707 57,320,267 666,338 
Indonesia 6,829,005 N/A 162,062 N/A 6,647,104 N/A 19,839 581 114,158,919 408,975 
Poland 6,660,557 +22 120,573 N/A N/A N/A N/A 3,195 39,283,754 1,040,911 
Colombia 6,400,173 N/A 143,200 N/A 6,212,152 N/A 44,821 2,780 36,951,507 717,327 
Greece 6,101,379 N/A 37,869 N/A N/A N/A N/A 3,671 102,228,365 9,909,078 
Austria 6,081,287 N/A 22,542 N/A 6,054,934 N/A 3,811 2,486 211,273,524 23,302,116 
Portugal 5,642,449 N/A 28,103 N/A 5,613,832 N/A 514 2,771 46,139,518 4,549,993 
Ukraine 5,557,995 N/A 112,418 N/A 5,445,577 N/A 0 2,603 32,603,805 754,855 
Chile 5,369,761 N/A 64,497 N/A 5,252,450 N/A 52,814 3,350 50,382,097 2,617,225 
Malaysia 5,275,667 N/A 37,347 N/A 5,230,084 N/A 8,236 1,126 68,580,916 2,066,869 
Canada 4,933,311 N/A 58,475 N/A 4,860,829 +665 14,007 1,523 66,572,774 1,734,189 
Belgium 4,859,804 N/A 34,376 N/A 4,822,631 +190 2,797 2,946 37,454,182 3,209,915 
Israel 4,841,772 N/A 12,707 N/A 4,798,473 N/A 30,592 1,363 41,373,364 4,436,346 
DPRK 4,772,813 N/A 74 N/A 4,772,739 N/A 0 3 N/A N/A 
Thailand 4,767,238 N/A 34,567 N/A 4,692,636 N/A 40,035 493 17,273,454 246,488 
Czechia 4,758,591 N/A 43,508 N/A 4,714,196 N/A 887 4,052 57,803,460 5,383,685 
Peru 4,572,667 N/A 222,161 N/A 4,350,506 N/A 0 6,595 39,010,194 1,158,115 
Switzerland 4,451,785 N/A 14,452 N/A 4,436,453 N/A 880 1,647 23,833,472 2,716,487 
Philippines 4,140,383 N/A 66,864 N/A 4,067,381 N/A 6,138 594 36,102,746 320,888 
South_Africa 4,076,463 N/A 102,595 N/A 3,912,506 N/A 61,362 1,689 26,795,090 441,027 
Romania 3,527,050 N/A 68,894 N/A 3,456,088 N/A 2,068 3,620 28,660,306 1,505,954 
Denmark 3,183,756 N/A 8,814 N/A 3,174,942 N/A 0 1,511 129,333,107 22,165,247 
Singapore 3,006,155 N/A 2,024 N/A 3,002,295 +306 1,836 341 24,756,666 4,165,302 
Hong_Kong 2,930,929 N/A 14,640 N/A 2,912,233 +525 4,056 1,925 76,127,725 10,011,143 
Sweden 2,753,556 N/A 27,354 N/A 2,725,376 N/A 826 2,677 19,500,873 1,908,301 
Serbia 2,614,248 N/A 18,057 N/A 2,595,674 N/A 517 2,087 13,427,937 1,551,822 
New_Zealand 2,598,630 N/A 5,574 N/A 2,588,718 N/A 4,338 1,138 7,768,604 1,586,011 
Iraq 2,465,545 N/A 25,375 N/A 2,439,497 N/A 673 602 19,544,451 463,523 
Hungary 2,229,987 N/A 49,040 N/A 2,152,155 N/A 28,792 5,105 11,394,556 1,186,160 
Bangladesh 2,048,186 N/A 29,488 N/A N/A N/A N/A 176 15,254,399 90,862 
Slovakia 1,877,383 N/A 21,221 N/A 1,856,162 N/A 0 3,886 7,448,789 1,364,199 
Georgia 1,855,289 N/A 17,132 N/A N/A N/A N/A 4,317 16,920,079 4,263,340 
Jordan 1,746,997 N/A 14,122 N/A 1,731,007 N/A 1,868 1,371 17,201,885 1,669,945 
Ireland 1,733,755 N/A 9,481 N/A 1,723,629 N/A 645 1,889 13,083,449 2,606,161 
Pakistan 1,581,936 N/A 30,664 N/A 1,538,689 N/A 12,583 134 30,589,153 133,292 
Finland 1,515,575 N/A 11,949 N/A 1,503,085 +28 541 2,151 12,108,977 2,179,850 
Norway 1,509,732 N/A 6,638 N/A 1,503,024 N/A 70 1,204 11,002,430 1,996,315 
Kazakhstan 1,411,831 N/A 13,848 N/A 1,383,020 N/A 14,963 721 11,575,012 602,707 
Lithuania 1,396,655 +7 9,897 N/A 1,385,483 +26 1,275 3,718 10,540,357 3,959,997 
Slovenia 1,356,451 N/A 7,100 N/A 1,349,267 N/A 84 3,417 2,847,701 1,370,382 
Bulgaria 1,339,491 N/A 38,737 N/A 1,292,640 N/A 8,114 5,660 11,634,738 1,699,843 
Croatia 1,309,728 N/A 18,687 N/A 1,258,432 N/A 32,609 4,604 5,660,084 1,394,355 
Guatemala 1,288,588 N/A 20,285 N/A 1,265,533 N/A 2,770 1,092 7,593,848 408,622 
Morocco 1,278,944 N/A 16,301 N/A N/A N/A N/A 432 13,001,033 344,191 
Lebanon 1,243,838 N/A 10,952 N/A 1,087,587 N/A 145,299 1,638 4,795,578 717,380 
Costa_Rica 1,238,883 N/A 9,428 N/A N/A N/A N/A 1,819 4,659,757 899,158 
Bolivia 1,211,716 N/A 22,407 N/A 1,177,145 N/A 12,164 1,868 2,710,261 225,993 
Tunisia 1,153,361 N/A 29,423 N/A N/A N/A N/A 2,442 5,013,383 416,164 
Cuba 1,115,243 N/A 8,530 N/A 1,106,647 N/A 66 754 14,401,151 1,273,801 
Ecuador 1,070,188 N/A 36,043 N/A 1,034,145 N/A 0 1,990 3,082,403 170,173 
UAE 1,067,030 N/A 2,349 N/A N/A N/A N/A 233 200,732,262 19,910,389 
Panama 1,059,893 N/A 8,727 N/A 1,051,102 N/A 64 1,962 7,882,622 1,772,585 
Uruguay 1,041,111 N/A 7,664 N/A 1,030,944 N/A 2,503 2,192 6,114,822 1,749,083 
Mongolia 1,011,459 N/A 2,284 N/A 1,009,175 N/A 0 676 4,030,048 1,193,000 
Nepal 1,003,450 N/A 12,031 N/A 991,322 N/A 97 398 6,047,766 200,088 
Belarus 994,037 N/A 7,118 N/A 985,592 N/A 1,327 755 13,646,641 1,446,722 
Latvia 982,280 N/A 6,686 N/A 971,406 N/A 4,188 3,616 7,885,792 4,265,272 
Saudi_Arabia 841,469 N/A 9,646 N/A N/A N/A N/A 269 45,481,735 1,268,848 
Paraguay 837,602 N/A 20,155 N/A N/A N/A N/A 2,759 2,657,506 363,751 
Azerbaijan 834,649 N/A 10,400 N/A 824,089 N/A 160 1,010 7,748,050 752,223 
Bahrain 729,549 N/A 1,574 N/A 727,915 N/A 60 882 10,948,549 6,137,138 
Cyprus 681,110 N/A 1,365 N/A 679,745 N/A 0 1,116 9,640,118 7,879,860 
Dominican_Republic 675,890 N/A 4,384 N/A 671,316 N/A 190 397 3,740,928 338,350 
Sri_Lanka 672,750 N/A 16,897 N/A 655,852 N/A 1 783 6,486,117 300,619 
Kuwait 667,094 N/A 2,570 N/A N/A N/A N/A 587 8,455,743 1,930,391 
Myanmar 641,801 N/A 19,495 N/A 620,159 N/A 2,147 353 11,672,345 211,352 
Moldova 634,508 N/A 12,206 N/A N/A N/A N/A 3,041 3,216,305 801,437 
Estonia 627,820 N/A 3,001 N/A N/A N/A N/A 2,270 6,944,652 5,253,498 
Palestine 621,008 N/A 5,404 N/A 615,445 N/A 159 1,011 3,078,533 575,907 
Venezuela 552,695 N/A 5,856 N/A 546,537 N/A 302 200 3,359,014 114,771 
Egypt 516,023 N/A 24,613 N/A 442,182 N/A 49,228 232 3,693,367 34,792 
Qatar 514,524 N/A 690 N/A 513,687 N/A 147 232 4,065,369 1,364,257 
Libya 507,274 N/A 6,437 N/A 500,835 N/A 2 914 2,483,848 352,782 
Ethiopia 501,117 N/A 7,574 N/A 488,171 N/A 5,372 63 5,565,340 46,066 
Runion 494,595 N/A 921 N/A N/A N/A N/A 1,014 1,603,660 1,766,027 
Honduras 474,590 N/A 11,165 N/A N/A N/A N/A 1,092 1,660,662 162,472 
Armenia 451,426 N/A 8,776 N/A 435,162 N/A 7,488 2,953 3,242,901 1,091,164 
Bosnia_and_Herzegovina 403,585 N/A 16,385 N/A 379,084 N/A 8,116 5,043 1,884,721 580,036 
Oman 399,449 N/A 4,628 N/A N/A N/A N/A 869 25,000,000 4,695,724 
Luxembourg 391,076 N/A 1,232 N/A N/A N/A N/A 1,918 4,587,145 7,140,959 
North_Macedonia 350,520 N/A 9,971 N/A 337,068 N/A 3,481 4,791 2,226,216 1,069,626 
Zambia 349,304 N/A 4,069 N/A 341,316 N/A 3,919 209 4,112,961 211,244 
Kenya 344,130 N/A 5,689 N/A 337,309 N/A 1,132 101 3,967,062 70,569 
Brunei_ 343,075 N/A 225 N/A 243,601 N/A 99,249 505 717,784 1,611,437 
Albania 334,863 N/A 3,605 N/A 330,233 N/A 1,025 1,258 1,941,032 677,173 
Botswana 330,442 N/A 2,801 N/A 327,049 N/A 592 1,147 2,026,898 830,300 
Montenegro 296,492 N/A 2,846 N/A 291,794 N/A 1,852 4,532 2,769,281 4,410,034 
Algeria 272,010 N/A 6,881 N/A 183,061 N/A 82,068 152 230,960 5,093 
Nigeria 267,188 N/A 3,155 N/A 259,953 N/A 4,080 15 5,708,974 26,339 
Zimbabwe 266,328 N/A 5,737 N/A 258,888 N/A 1,703 374 2,525,756 164,744 
Uzbekistan 253,662 N/A 1,637 N/A 241,486 N/A 10,539 48 1,377,915 40,077 
Mozambique 233,731 N/A 2,250 N/A 228,805 N/A 2,676 68 1,371,127 41,437 
Afghanistan 231,975 +1 7,985 N/A 210,069 N/A 13,921 196 1,363,981 33,468 
Martinique 230,354 N/A 1,102 N/A N/A N/A N/A 2,946 828,928 2,215,870 
Laos 218,948 N/A 758 N/A N/A N/A N/A 101 1,233,207 164,845 
Iceland 209,889 N/A 229 N/A N/A N/A N/A 663 1,996,384 5,780,036 
Kyrgyzstan 206,897 N/A 2,991 N/A 196,406 N/A 7,500 445 1,907,195 283,460 
Guadeloupe 203,235 N/A 1,021 N/A N/A N/A N/A 2,554 938,039 2,346,306 
El_Salvador 201,855 N/A 4,230 N/A 179,410 N/A 18,215 646 2,610,114 398,467 
Trinidad_and_Tobago 191,496 N/A 4,390 N/A 187,078 N/A 28 3,121 913,289 649,295 
Maldives 186,694 N/A 316 N/A 163,687 N/A 22,691 584 2,213,831 4,092,223 
Namibia 172,280 N/A 4,103 N/A 167,099 N/A 1,078 1,558 1,062,663 403,460 
Uganda 171,983 N/A 3,632 N/A 100,431 N/A 67,920 75 3,012,408 62,198 
Ghana 171,889 N/A 1,462 N/A 170,425 N/A 2 45 2,541,625 78,456 
Jamaica 156,857 N/A 3,748 N/A N/A N/A N/A 1,256 1,183,986 396,633 
Cambodia 139,095 +1 3,056 N/A 136,037 N/A 2 178 3,091,420 180,062 
Rwanda 133,518 N/A 1,468 N/A 132,039 N/A 11 108 6,021,981 442,778 
Cameroon 125,379 N/A 1,974 N/A 123,280 N/A 125 71 1,751,774 62,762 
Malta 121,405 N/A 883 N/A 120,122 N/A 400 1,989 2,168,199 4,882,968 
Barbados 110,575 N/A 648 N/A 108,647 N/A 1,280 2,250 814,159 2,826,715 
Angola 107,323 N/A 1,937 N/A 103,419 N/A 1,967 55 1,499,795 42,818 
Channel_Islands 101,717 N/A 228 N/A 101,321 N/A 168 1,292 1,252,808 7,099,551 
DRC 99,338 N/A 1,468 N/A 84,489 N/A 13,381 15 846,704 8,890 
French_Guiana 98,041 N/A 420 N/A 11,254 N/A 86,367 1,337 651,257 2,072,951 
Malawi 89,535 N/A 2,686 N/A N/A N/A N/A 133 624,784 30,959 
Senegal 89,053 N/A 1,971 N/A 87,024 N/A 58 112 1,146,543 64,946 
Ivory_Coast 88,384 N/A 835 N/A 87,497 N/A 52 30 1,690,934 60,951 
Suriname 82,588 N/A 1,408 N/A N/A N/A N/A 2,359 242,207 405,822 
New_Caledonia 80,064 N/A 314 N/A N/A N/A N/A 1,079 98,964 340,182 
French_Polynesia 79,254 N/A 650 N/A N/A N/A N/A 2,287 N/A N/A 
Eswatini 75,191 N/A 1,427 N/A 73,116 N/A 648 1,204 1,048,704 885,119 
Guyana 74,137 N/A 1,300 N/A 72,013 N/A 824 1,637 733,218 923,396 
Belize 71,381 N/A 688 N/A N/A N/A N/A 1,669 576,016 1,397,453 
Fiji 69,117 N/A 885 N/A 67,226 N/A 1,006 973 672,883 739,866 
Madagascar 68,486 N/A 1,426 N/A 66,862 N/A 198 49 531,329 18,210 
Cabo_Verde 64,477 N/A 417 N/A 63,755 N/A 305 735 401,622 707,482 
Sudan 63,993 N/A 5,046 N/A 58,947 N/A 0 110 562,941 12,240 
Mauritania 63,839 N/A 997 N/A 62,471 N/A 371 203 1,009,957 206,030 
Bhutan 62,697 N/A 21 N/A 61,564 N/A 1,112 27 2,303,734 2,923,739 
Syria 57,743 N/A 3,165 N/A 54,578 N/A 0 163 146,269 7,553 
Burundi 54,721 N/A 38 N/A 53,569 N/A 1,114 3 345,742 27,386 
Seychelles 51,220 N/A 172 N/A 51,048 N/A 0 1,730 N/A N/A 
Gabon 49,051 N/A 307 N/A 48,674 N/A 70 132 1,621,909 695,641 
Andorra 48,015 N/A 165 N/A N/A N/A N/A 2,130 249,838 3,225,256 
Papua_New_Guinea 46,864 N/A 670 N/A 46,168 N/A 26 72 249,149 26,813 
Curaao 45,986 N/A 295 N/A 44,720 N/A 971 1,782 496,693 3,000,640 
Aruba 44,224 N/A 292 N/A 42,438 N/A 1,494 2,714 177,885 1,653,068 
Tanzania 43,223 N/A 846 N/A N/A N/A N/A 13 N/A N/A 
Mauritius 43,025 N/A 1,051 N/A 41,278 N/A 696 824 358,675 281,374 
Mayotte 42,027 N/A 188 N/A N/A N/A N/A 657 176,919 618,038 
Togo 39,569 N/A 290 N/A 39,277 N/A 2 33 815,088 93,895 
Guinea 38,572 N/A 468 N/A 37,757 N/A 347 34 660,107 47,607 
Bahamas 38,084 N/A 844 N/A 36,366 N/A 874 2,107 257,839 643,767 
Isle_of_Man 38,008 N/A 116 N/A N/A N/A N/A 1,353 150,753 1,758,422 
Lesotho 36,138 N/A 723 N/A 25,980 N/A 9,435 332 431,221 198,199 
Haiti 34,667 N/A 860 N/A 33,734 N/A 73 74 132,422 11,337 
Faeroe_Islands 34,658 N/A 28 N/A N/A N/A N/A 569 778,000 15,802,409 
Mali 33,164 N/A 743 N/A 32,332 N/A 89 35 804,909 37,483 
Cayman_Islands 31,472 N/A 37 N/A 8,553 N/A 22,882 550 222,773 3,311,280 
Saint_Lucia 30,215 N/A 410 N/A 29,805 N/A 0 2,215 210,983 1,139,752 
Benin 28,036 N/A 163 N/A 27,847 N/A 26 13 604,310 47,268 
Somalia 27,334 N/A 1,361 N/A 13,182 N/A 12,791 81 400,466 23,778 
Micronesia 26,547 N/A 65 N/A N/A N/A N/A 553 82,430 701,598 
San_Marino 26,185 N/A 128 N/A 26,011 N/A 46 3,755 196,855 5,775,414 
Solomon_Islands 25,954 N/A 199 N/A N/A N/A N/A 276 N/A N/A 
Congo 25,375 N/A 386 N/A 24,006 N/A 983 67 347,815 59,991 
Macao 23,803 N/A 123 N/A 3,487 N/A 20,193 184 7,850 11,760 
Timor-Leste 23,460 N/A 138 N/A 23,102 N/A 220 101 278,529 203,391 
Burkina_Faso 22,109 N/A 400 N/A 21,596 N/A 113 18 248,995 11,265 
Liechtenstein 21,573 N/A 94 N/A N/A N/A N/A 2,449 112,457 2,929,559 
Gibraltar 20,550 N/A 113 N/A N/A N/A N/A 3,353 534,283 15,852,213 
Grenada 19,693 N/A 238 N/A 19,358 N/A 97 2,097 182,981 1,612,523 
Bermuda 18,860 N/A 165 N/A 18,685 N/A 10 2,664 1,029,558 16,622,128 
South_Sudan 18,819 N/A 147 N/A 18,115 N/A 557 13 410,280 35,313 
Nicaragua 18,491 N/A 225 N/A 4,225 N/A 14,041 33 N/A N/A 
Tajikistan 17,786 N/A 125 N/A 17,264 N/A 397 13 N/A N/A 
Equatorial_Guinea 17,229 N/A 183 N/A 16,907 N/A 139 122 365,697 244,342 
Monaco 17,181 N/A 67 N/A N/A N/A N/A 1,684 78,646 1,976,875 
Samoa 17,006 N/A 31 N/A 1,605 N/A 15,370 153 187,397 926,612 
Tonga 16,950 N/A 13 N/A 15,638 N/A 1,299 121 535,009 4,965,327 
Marshall_Islands 16,138 N/A 17 N/A 16,121 N/A 0 283 N/A N/A 
Dominica 16,038 N/A 74 N/A 15,964 N/A 0 1,023 229,344 3,170,187 
Djibouti 15,690 N/A 189 N/A 15,427 N/A 74 186 305,941 301,094 
CAR 15,440 N/A 113 N/A 15,200 N/A 127 23 81,294 16,205 
Gambia 12,626 N/A 372 N/A 12,189 N/A 65 145 155,686 60,851 
Saint_Martin 12,324 N/A 63 N/A N/A N/A N/A 1,586 112,382 2,828,643 
Vanuatu 12,019 N/A 14 N/A 11,976 N/A 29 44 24,976 77,606 
Greenland 11,971 N/A 21 N/A 2,761 N/A 9,189 369 164,926 2,894,810 
Yemen 11,945 N/A 2,159 N/A 9,124 N/A 662 69 329,592 10,579 
Caribbean_Netherlands 11,682 N/A 38 N/A 10,476 N/A 1,168 1,426 30,126 1,130,559 
Sint_Maarten 11,051 N/A 92 N/A 10,905 N/A 54 2,093 62,056 1,411,454 
Eritrea 10,189 N/A 103 N/A 10,086 N/A 0 28 23,693 6,470 
Niger 9,931 N/A 312 N/A 8,890 N/A 729 12 254,538 9,759 
St._Vincent_Grenadines 9,674 N/A 124 N/A 9,493 N/A 57 1,112 114,197 1,023,720 
Guinea-Bissau 9,614 N/A 177 N/A 8,929 N/A 508 86 145,231 70,385 
Comoros 9,109 N/A 161 N/A 8,939 N/A 9 177 N/A N/A 
Antigua_and_Barbuda 9,106 N/A 146 N/A 8,954 N/A 6 1,467 18,901 189,943 
Liberia 8,090 N/A 295 N/A 7,783 N/A 12 56 139,824 26,356 
Sierra_Leone 7,779 N/A 126 N/A N/A N/A N/A 15 259,958 31,296 
Chad 7,701 N/A 194 N/A 4,874 N/A 2,633 11 191,341 10,988 
British_Virgin_Islands 7,392 N/A 64 N/A N/A N/A N/A 2,092 107,339 3,508,269 
Cook_Islands 7,203 N/A 2 N/A 7,150 N/A 51 114 19,690 1,120,596 
Sao_Tome_and_Principe 6,752 N/A 80 N/A 6,671 N/A 1 351 29,600 130,008 
Turks_and_Caicos 6,749 N/A 40 N/A 6,693 N/A 16 1,007 616,698 15,517,929 
Saint_Kitts_and_Nevis 6,607 N/A 48 N/A 6,559 N/A 0 891 126,958 2,356,704 
Palau 6,279 N/A 10 N/A 6,268 N/A 1 548 71,280 3,909,395 
St._Barth 5,507 N/A 6 N/A N/A N/A N/A 603 78,646 7,908,095 
Nauru 5,393 N/A 1 N/A 5,347 N/A 45 92 20,509 1,881,042 
Kiribati 5,085 N/A 24 N/A 2,703 N/A 2,358 194 N/A N/A 
Anguilla 3,904 N/A 12 N/A N/A N/A N/A 788 51,382 3,373,736 
Wallis_and_Futuna 3,550 N/A 8 N/A 438 N/A 3,104 728 20,508 1,867,419 
Saint_Pierre_Miquelon 3,452 N/A 2 N/A 2,449 N/A 1,001 347 25,400 4,410,488 
Tuvalu 2,943 N/A 1 N/A N/A N/A N/A 83 N/A N/A 
Saint_Helena 2,166 N/A N/A N/A 2 N/A 2,164 N/A N/A N/A 
Falkland_Islands 1,930 N/A N/A N/A 1,930 N/A 0 N/A 8,632 2,439,107 
Montserrat 1,403 N/A 8 N/A 1,376 N/A 19 1,611 17,762 3,577,442 
Niue 1,059 N/A N/A N/A 1,056 N/A 3 N/A N/A N/A 
Diamond_Princess 712 N/A 13 N/A 699 N/A 0 N/A N/A N/A 
Tokelau 80 N/A N/A N/A N/A N/A 80 N/A N/A N/A 
Vatican_City 29 N/A N/A N/A 29 N/A 0 N/A N/A N/A 
Western_Sahara 10 N/A 1 N/A 9 N/A 0 2 N/A N/A 
MS_Zaandam 9 N/A 2 N/A 7 N/A 0 N/A N/A N/A 
